70.666666667
46.666666667
82.666666667
64.0
48.666666667
73.0
74.666666667
33.0
67.333333333
71.333333333
51.333333333
75.666666667
64.666666667
67.0
53.0
56.0
74.333333333
79.333333333
32.0
55.0
56.333333333
74.333333333
64.0
84.666666667
48.333333333
59.666666667
51.666666667
37.666666667
72.0
54.666666667
76.0
51.0
66.0
74.333333333
65.333333333
58.333333333
67.666666667
54.0
45.333333333
60.333333333
63.0
54.666666667
44.666666667
65.666666667
59.0
65.333333333
54.0
74.0
49.666666667
48.0
75.666666667
53.666666667
60.333333333 60.333333333 79.333333333